Note: only waters that can be mapped between the apo and holo structure were counted.

Residues with H-bonds formed and broken with water across all ligands.
[246 169 177 126  59 167 131 264 119  84 145 297 256 237  94 295 247 298
 292 242 268 272 128  81  51  97 130 165  15  57  55 178 146 164  91 132
  99 270 206 214 257 236 276 249  58 188  33 205 235 197 105 260  65  28
 208 147  95  64 250 245 287 138  92 125 203 173 150 143 139 149   3 127
 199 290 288  89 201 180 207  56  88 204 179 217  14 124 227 136 291 176
  34 281 129  66 137  16 148 273 154 161 271  85  73 224  96  22 296  60
   2  13  44  46  10  93 142  86 196 202 267 258 159 181 182 157 283 293
 168 200 255 277 228 225 160 163 101 117 140 122 120  67]

Number of H-bonds formed and broken with water across all ligands, respectively.
[162 149 134 128 121 118 117 112 112 107  90  87  63  59  59  56  54  51
  51  51  50  49  48  44  43  43  42  42  41  39  38  35  33  33  30  27
  27  25  25  24  22  22  21  21  21  20  20  19  19  19  18  18  17  17
  16  16  16  15  15  14  13  12  11  10  10  10  10  10  10  10   9   9
   9   9   9   9   9   8   8   8   7   7   7   7   7   6   6   6   6   6
   6   5   5   4   4   4   4   4   4   3   3   3   3   3   3   2   2   2
   2   2   2   2   2   2   2   2   2   2   2   2   2   2   2   2   1   1
   1   1   1   1   1   1   1   1   1   1   1   1   1   1]