Note: only waters that can be mapped between the all structures were counted.

Residues with H-bonds to most conserved waters.
[290 188 106 181 169 128 218 182 107 167 274 211 140 127 277 202  60 139
 119 177 245 292 203 136 126 288  29 102 195 191 271 275 278 187 267 269
 219 184  20 173  82 170 185 116 172 214 168  63 268  58 178 129 120  59]

Number of H-bonds to respective residue.
[4.86 4.32 4.   3.   2.35 2.24 2.   2.   2.   2.   2.   2.   1.98 1.98
 1.98 1.97 1.97 1.9  1.78 1.67 1.22 1.19 1.16 1.08 1.06 1.06 1.   1.
 1.   1.   1.   1.   1.   1.   1.   1.   1.   1.   1.   1.   1.   1.
 1.   1.   1.   0.98 0.98 0.98 0.57 0.25 0.03 0.02 0.02 0.02]